993031
993030
992919
992838
992805
992801
993771
993644
993492
993469
993418
993231
993165
992955
992813
993623
993587
993586
993476
993365
993213
993075
993103
993096
993074
993011
992976
992968
992954
992932
992950
992949
992948
992936
992910
992895
992882
992802
993786
993737
993736
993735
993605
993708
993702
993697
993690
993683
993680
993670
993647
993642
993632
993625
993539
993617
993550
993551
993541
993510
993499
993496
993495
993493
993490
993474
993472
993466
993415
993409
993406
993390
993388
993381
993369
993348
993285
993269
993249
993243
