1014741
1014494
1014269
1013654
1013633
1013574
1013556
1013258
1013155
1012837
1012663
1015148
1015122
1015085
1015081
1015066
1015042
1015018
1015011
1015003
1014997
1014993
1014957
1014947
1014944
1014942
1014912
1014894
1014838
1014833
1014829
1014817
1014757
1014756
1014706
1014659
1014652
1014651
1014649
1014647
1014637
1014608
1014605
1014575
1014532
1014567
1014465
1014412
1014402
1014398
1014396
1014389
1014364
1014347
1014356
1014308
1014306
1014149
1013995
1013977
1013907
1013840
1013817
1013808
1013791
1013784
1013733
1013690
1013688
1013673
1013660
1013621
1013617
1013605
1013554
1013541
1013517
1013489
1013491
1013475
1013453
1013437
1013436
1013428
1013408
1013402
1013358
1013318
1013312
1013285
1013278
1013270
1013271
1013243
1013238
1013202
1013146
1013126
1013123
1013116
1013085
1013056
1012970
1013012
1013009
1012994
1012984
1012963
1012926
1012939
1012893
1012892
1012881
1012869
1012768
1012850
1012845
1012411
1012802
1012793
1012795
1012790
1012731
1012723
1012706
1012705
1012685
1012694
1012693
1012683
1012680
1012675
1012665
1012661
1012649
1012633
1012631
1012628
1012606
1012603
1012600
1012597
1012595
1012592
1012579
1012576
1012564
1012566
1012558
1012543
1012477
1012462
1012450
1012438
1012436
1012422
1012423
1012416
1012394
1012377
1012368
1012367
1012364
1012341
1012328
1012324
1012309
1012304
1012299
1012289
1012287
1012284
1012235
1012201
1012161
1012139
